{
  "mae": 0.15306175008305029,
  "rmse": 0.37268994137629063,
  "r2": 0.9218368603386455,
  "within_0_5": 0.9439775910364145,
  "within_1_0": 0.988795518207283
}